33,37,38,40,41,42,43,44,45,153,478,491,156,252;
32,91,155,389;
23,27,28,30,31,49,81,82,83,84,85,86,91,106,122,129,144,149,161,178,182,191,260,285,368,395;
37,40,41,42,43,44,45,138,139,153,179,216,478,479;
32,155,389;
144,156,237,459,461;
155,205,207,208,209,221,226,236,260,261,343,354,376,402,403,460;
132,287;
90,159,160,214,284,305,420;
96,149,182,252,253,254,255,256,259,274,276,277,278,306,331,346,361,362,366,438,452,455,457,458;
53,64,138,139,216,435,446;
154,217,234,258,269,293,426;
124,215,284;
34;
35;
39;
36;
197;
147;
172,382;
284,305,420;
449;
181,220;
262;